10 4
1.00000000 -0.02388458 0.93393653 -0.06448226 0.35076219
1.00000000 0.48284390 -0.30707275 0.11873667 -0.81146146
1.00000000 -0.33533507 0.86394301 -0.09154750 0.36437881
1.00000000 -0.65479270 0.64448438 0.01920993 -0.39435692
1.00000000 -0.35165633 -0.78298466 0.02617231 -0.51243327
1.00000000 -0.29947269 0.50136707 -0.26317415 0.76791050
1.00000000 0.18063597 0.87525879 0.38422469 0.23165512
1.00000000 0.19458285 0.53805267 0.44171702 -0.69103033
1.00000000 0.59532229 0.74937237 -0.21052623 -0.19927651
1.00000000 -0.66770554 -0.61000875 0.17752311 0.38800024
