25 8
   1.0000   0.2695   0.6114   0.3496   0.0700  -0.1299  -0.2119  -0.4705   0.3784
   1.0000  -0.3554   0.2604  -0.2233  -0.5097  -0.0455   0.3446  -0.4971   0.3581
   1.0000  -0.2782  -0.0834  -0.8417   0.0674   0.1573  -0.0735   0.3704   0.1880
   1.0000  -0.5267  -0.0267   0.3181  -0.0879  -0.2983   0.2357  -0.5667   0.3838
   1.0000   0.4113   0.3274  -0.0303  -0.1697   0.2359  -0.3142  -0.5482  -0.4889
   1.0000  -0.4875  -0.3809   0.7324  -0.1014   0.0420   0.0826  -0.0677   0.2398
   1.0000   0.1983   0.0090  -0.4918   0.0708  -0.5493   0.4680  -0.2400  -0.3679
   1.0000   0.1905   0.3257  -0.2700   0.3019   0.1103   0.0839  -0.5845  -0.5769
   1.0000   0.2338  -0.4708   0.0285   0.5891   0.3961  -0.4007  -0.2366   0.0489
   1.0000   0.3170   0.2970  -0.1953  -0.4837  -0.5217  -0.4155   0.1325   0.2770
   1.0000  -0.5230   0.1814   0.2344  -0.2559   0.0729  -0.2819   0.0700  -0.6953
   1.0000   0.5555   0.1926  -0.4210  -0.1354  -0.4316  -0.3479   0.1618   0.3540
   1.0000   0.3697  -0.1519   0.4180  -0.2694   0.0256   0.2134  -0.6043   0.4261
   1.0000  -0.1355  -0.1103  -0.1196   0.1757  -0.7314   0.6097  -0.1318  -0.0129
   1.0000  -0.1284  -0.2675  -0.3429   0.1907   0.4394  -0.1459   0.7233   0.1431
   1.0000  -0.1794  -0.3552  -0.0204   0.8052  -0.3509   0.2317  -0.0745  -0.1025
   1.0000  -0.4121   0.3183  -0.0112   0.1977  -0.1208   0.5113  -0.6117   0.1985
   1.0000   0.3195   0.1508  -0.0121  -0.2728   0.0378  -0.2737   0.5520  -0.6477
   1.0000  -0.1846  -0.0671  -0.1219  -0.1915  -0.0968  -0.8655   0.2261   0.3167
   1.0000  -0.5248  -0.1171   0.4057   0.0891  -0.6221  -0.2739   0.2346  -0.1457
   1.0000   0.0134  -0.2043  -0.0256   0.6216  -0.0385   0.2161   0.7199  -0.0679
   1.0000  -0.0852   0.5425  -0.5657  -0.5423   0.0498   0.0584  -0.0029  -0.2800
   1.0000  -0.3924   0.2076  -0.0067   0.4310   0.0233   0.6029   0.2721  -0.4231
   1.0000  -0.0365   0.4108   0.1350  -0.0771   0.2025  -0.6637   0.5103   0.2526
   1.0000   0.3176  -0.4083   0.1647   0.1010  -0.0569  -0.5495   0.2916   0.5522
