20 8
1.00000000 0.52525559 -0.19975038 -0.25832559 0.31713087 -0.45591192 0.33906716 -0.40940987 -0.16267637
1.00000000 -0.27974151 -0.36261449 -0.16926448 -0.38756187 0.60650480 0.17701013 -0.43015784 0.16487668
1.00000000 0.04745844 -0.14969102 0.24992174 -0.52548592 0.07761241 0.09807494 0.57837855 0.53533152
1.00000000 0.16726842 -0.13318839 -0.09579141 -0.60546735 -0.41909245 0.24472116 0.29927246 0.50341284
1.00000000 0.21091472 0.36546431 -0.66726830 0.43337416 -0.03446678 0.24408116 -0.35393620 0.05344409
1.00000000 -0.16673635 -0.27428894 -0.30979216 0.30048527 -0.56032363 0.19262904 -0.29317081 0.52314849
1.00000000 -0.09109007 0.48928908 -0.21421225 0.12219088 -0.03122755 0.16029424 -0.60122643 -0.55076190
1.00000000 -0.16227903 -0.29582406 0.32806443 0.34463226 0.20428894 -0.61406536 -0.32621487 0.36678277
1.00000000 0.39308811 0.24242454 0.26833696 0.47936183 -0.15158878 0.30162608 0.53155828 -0.29733473
1.00000000 -0.05161978 -0.35217735 -0.26372100 0.41910640 0.29551215 -0.46629896 -0.12023873 0.55577700
1.00000000 -0.17895794 0.11972937 -0.12795261 0.18007760 -0.46626410 -0.68808639 -0.40386487 0.22553757
1.00000000 0.24813029 0.43272219 -0.66559662 0.17124428 -0.33659859 -0.19599751 -0.05057312 -0.35294209
1.00000000 -0.39735586 0.40937725 -0.17548207 0.04194680 0.40686615 -0.55778295 -0.39092651 -0.11171250
1.00000000 -0.20299897 0.88373866 0.01799369 0.17633378 -0.19199651 -0.21884410 0.24790894 0.01287576
1.00000000 0.09366550 0.61170278 0.02696420 0.27938415 -0.47381010 0.45899027 -0.20219976 -0.24942153
1.00000000 0.28780332 -0.08798114 0.34450942 0.15479539 0.44805380 0.35203021 0.20540934 -0.63238417
1.00000000 0.01541279 0.32680312 -0.05593469 -0.59790710 -0.70902947 0.05348512 -0.04324059 -0.15775735
1.00000000 0.17686965 -0.28478247 -0.38850300 -0.58607491 0.44625034 0.19442655 -0.38627196 0.08396796
1.00000000 0.16880461 0.21018235 -0.37637508 -0.26157549 0.38163819 0.44587348 0.61042161 -0.01352918
1.00000000 0.04907082 0.03308654 0.06906502 -0.57695697 -0.13452879 0.74837464 0.21147237 -0.18964401
