25 9
1.00000000 0.04969908 0.41529787 -0.16390830 0.28908198 0.00020504 -0.63668270 0.10383886 0.52306633 0.15772622
1.00000000 -0.30855738 -0.55758705 0.24518583 -0.22020135 -0.15770134 -0.08805654 -0.06636447 0.65893365 0.11858679
1.00000000 -0.26123705 0.10329910 0.17227301 -0.49625795 0.41428094 0.58247934 0.29338273 0.17389576 0.13383015
1.00000000 0.35388849 0.56106222 0.04621521 -0.43354987 0.51887307 0.11024258 -0.29558866 -0.00306858 0.03325705
1.00000000 -0.52678084 0.28792163 -0.02212512 0.01063602 -0.21790948 0.03081553 0.29541608 -0.49441793 -0.50876964
1.00000000 -0.41723658 0.31099304 -0.15695380 0.11029837 -0.49785874 0.13968516 -0.18488324 0.41345921 0.46892551
1.00000000 0.07737751 0.16986341 -0.14591764 -0.02363135 0.29205654 0.82604514 -0.06738267 -0.33768115 0.23893968
1.00000000 -0.67783252 0.04538888 0.18818029 -0.23251511 0.34282611 0.26043768 -0.21486448 -0.46622183 -0.01098914
1.00000000 0.49356460 -0.27479846 -0.26639164 -0.36739317 0.40311134 0.02008474 0.50475275 0.22220646 -0.08879386
1.00000000 -0.16549768 0.21514339 -0.27473633 0.00640585 -0.24914568 -0.58450786 -0.19968636 0.10616284 -0.62923331
1.00000000 0.40434360 -0.52305890 0.35615227 0.15408097 0.25038556 -0.34462202 0.37295863 0.14644601 -0.26519505
1.00000000 0.19058740 -0.54278673 0.58775780 0.00788198 0.16055259 0.19577466 0.46254758 -0.00837718 0.21310176
1.00000000 0.16699864 -0.35791285 -0.10842702 -0.02868482 -0.22836250 0.67085032 -0.26381232 0.42428074 -0.28218779
1.00000000 0.05061906 0.13019032 -0.36334110 -0.70418609 -0.24230949 -0.48128702 0.18029732 0.03777375 -0.16825077
1.00000000 -0.17127761 -0.47877870 0.47648718 -0.37420198 -0.18813353 -0.11311462 -0.19181136 -0.52934073 0.09584065
1.00000000 0.34444421 0.25001205 -0.30164446 -0.47640841 -0.68211702 0.10047191 0.04735153 -0.14815214 -0.03644663
1.00000000 -0.14216527 -0.21048665 0.03089683 0.30393284 0.24226283 -0.58075254 -0.07648460 0.12389979 -0.65191163
1.00000000 -0.48184378 -0.64598577 0.40790126 0.10956801 0.11310738 0.10057563 0.30622621 0.21970550 -0.08477399
1.00000000 0.15787509 0.68268479 0.30375160 -0.32173708 -0.20204258 -0.10919469 0.09752979 -0.34885732 0.35955385
1.00000000 -0.67562491 -0.12312054 0.32502462 0.16875491 -0.21246886 0.25801895 -0.46964641 0.24269688 -0.05537845
1.00000000 0.23590351 -0.34769645 -0.60627529 -0.18782530 0.38770140 -0.15595323 0.28006962 -0.08939740 -0.39942956
1.00000000 0.13199323 -0.48950388 0.10205534 -0.69285599 -0.19632734 0.10662768 -0.17847924 0.31675768 -0.26532032
1.00000000 -0.00831062 -0.67414960 0.12656936 -0.19445203 -0.11698492 -0.04812974 0.63958066 -0.24612556 0.07732199
1.00000000 0.22407233 0.12514607 0.21798257 -0.56502627 0.11086485 -0.15814174 0.61935972 -0.38251328 0.01167350
1.00000000 0.20311456 -0.24472982 0.28646779 -0.00910582 0.40174900 -0.07328103 -0.15108888 0.78101098 -0.13086905
