20 9
1.00000000 -0.48026010 -0.44932300 0.08691999 0.22209439 0.23225833 -0.60860804 0.00562086 0.26897168 0.11769897
1.00000000 0.21745488 0.34825697 0.18148697 -0.09914443 0.48393523 -0.59815537 -0.19571110 -0.04570885 -0.39533281
1.00000000 -0.66279343 -0.64177201 -0.06437884 0.06201403 -0.10635062 0.29911163 -0.16254477 0.08746898 0.07741663
1.00000000 0.54938895 0.33944879 0.15732249 -0.49326542 -0.21537147 0.39510140 -0.28371596 0.09732418 -0.14976124
1.00000000 0.08581822 0.42404164 -0.18521594 0.50780364 0.15849583 -0.06703177 -0.53610851 0.25815537 -0.37011313
1.00000000 0.14089871 -0.18526338 0.01828179 -0.58602400 -0.31272346 0.06964935 0.67532335 -0.02122882 0.20714102
1.00000000 -0.26792009 0.31861804 -0.38774846 -0.55082301 0.02592059 -0.45301414 -0.34476174 -0.21667611 -0.03526535
1.00000000 -0.35495011 -0.21594306 0.37295406 -0.29368894 -0.09517638 0.20647260 0.02320515 -0.73617808 0.08857176
1.00000000 -0.09910842 -0.14548070 0.00341284 -0.39923456 0.10771991 0.09591727 0.24373378 0.82779677 -0.21013246
1.00000000 -0.15745199 -0.20761059 -0.87930500 -0.19778450 -0.04974714 -0.01743396 0.18228139 0.13241694 -0.25743203
1.00000000 0.22767249 -0.49366935 -0.01635198 0.09379379 0.33362747 -0.44682105 0.26297042 0.45118563 -0.33423479
1.00000000 0.06673855 0.18348702 -0.45451238 0.11102996 0.03704668 -0.44256973 -0.51059750 -0.50430592 0.17519885
1.00000000 -0.29313650 -0.32920824 -0.21914944 -0.31564431 0.08438003 -0.26038440 0.55728974 0.50346364 0.13808551
1.00000000 -0.07204614 -0.20395671 -0.07921017 -0.06753709 0.30498143 0.43681677 0.25996435 0.76000614 -0.11559476
1.00000000 -0.74636894 0.08412277 0.01247724 0.17855654 0.14797363 -0.08514150 0.11431162 -0.54766912 -0.24832391
1.00000000 -0.42932890 -0.18645142 -0.14214673 -0.49346365 0.12112461 -0.03743242 0.51517694 0.25221699 -0.41485835
1.00000000 -0.34997765 -0.26776085 0.03052261 -0.09305800 0.00213583 0.19846429 -0.03759981 -0.61097058 0.61817225
1.00000000 0.44729655 -0.56874497 -0.04671243 -0.54210011 -0.07475015 -0.27868795 -0.20910221 -0.20835850 0.10004404
1.00000000 -0.21563532 -0.36797934 -0.03735927 0.23185711 -0.08897894 -0.12894107 0.85523215 0.05914773 0.05895464
1.00000000 0.32559184 0.25576271 -0.14334864 -0.82290580 -0.14246971 -0.03648038 -0.13991987 0.29654780 0.04130384
