20 10
   1.0000  -0.0116  -0.5324  -0.0553   0.0736  -0.0494  -0.1716   0.5668  -0.4294   0.0792  -0.4051
   1.0000   0.4882   0.0062  -0.0159   0.1836  -0.2271   0.4159   0.4906  -0.3374   0.3808  -0.0595
   1.0000  -0.3396   0.2325  -0.2414   0.0937  -0.0868  -0.0984   0.2151   0.5766  -0.5271  -0.2995
   1.0000   0.1302   0.1855  -0.2341   0.2569   0.1107   0.4938  -0.0193  -0.6933   0.2755  -0.1215
   1.0000  -0.0673   0.1824  -0.6784   0.0433  -0.2439   0.1090   0.0374   0.0428  -0.3284   0.5636
   1.0000   0.4572   0.2776   0.3918  -0.3662   0.0240   0.4137  -0.1223  -0.4809  -0.0714  -0.0570
   1.0000   0.0444   0.2757  -0.0927  -0.1066  -0.8460   0.2490   0.0058   0.0661  -0.0044   0.3463
   1.0000   0.4965   0.4453  -0.3985  -0.1082   0.1669  -0.0710   0.1295  -0.0502  -0.2918  -0.4973
   1.0000  -0.4290   0.2302  -0.0086   0.0840  -0.2265   0.0421  -0.0903   0.5002  -0.5240  -0.4122
   1.0000   0.1370  -0.2073   0.3042  -0.5371  -0.1656  -0.0950  -0.2296  -0.1730  -0.2131   0.6267
   1.0000  -0.4177  -0.0792  -0.2258   0.4035   0.2691  -0.1785   0.0094  -0.5267   0.4637   0.0928
   1.0000  -0.2491  -0.3169  -0.1656  -0.0943   0.7466  -0.1991  -0.2619  -0.2625  -0.1220   0.2275
   1.0000  -0.1928   0.3759   0.3640  -0.0683   0.4252   0.1620  -0.1830  -0.2037   0.5930  -0.2249
   1.0000  -0.1997   0.4902   0.2762  -0.4052   0.3022   0.4578  -0.2646   0.2872  -0.1610   0.0037
   1.0000  -0.1958   0.0370  -0.2404   0.0174   0.3086  -0.1885   0.0465   0.8574   0.0866  -0.1631
   1.0000   0.5154   0.0036   0.0116  -0.0058  -0.4509   0.0176  -0.5278   0.2098   0.0559  -0.4526
   1.0000   0.1666   0.1641   0.5136   0.1701  -0.1673  -0.3677   0.0051  -0.5182   0.4681  -0.0423
   1.0000   0.5652  -0.1302  -0.1150  -0.2389   0.4049  -0.6233   0.1522   0.0751   0.0478  -0.0989
   1.0000  -0.4016   0.2218  -0.2472   0.5916   0.4344   0.1852   0.1055  -0.0291   0.1502   0.3477
   1.0000   0.2242  -0.4015   0.0088   0.1429  -0.4054   0.2901   0.2475   0.6658   0.0627   0.1056
