20 6
1.00000000 0.39893873 -0.11421642 0.64471992 0.52655304 -0.09082938 -0.35585199
1.00000000 0.09020630 0.64752403 0.56692550 0.16381257 -0.03361912 -0.47244696
1.00000000 -0.15958408 0.63508387 0.31169652 -0.28796037 0.25707580 -0.57012064
1.00000000 -0.23756418 0.15711283 -0.48925983 -0.45485040 0.26220536 0.63550225
1.00000000 -0.32066518 -0.29808114 -0.10815130 0.69932386 0.30977276 0.46001277
1.00000000 -0.04492367 -0.03284808 0.21936021 0.51594586 0.57356508 -0.59464858
1.00000000 0.31138938 -0.69390064 -0.24905118 -0.12765708 -0.55022794 0.20115903
1.00000000 -0.34198704 0.11861089 -0.35650883 -0.50986619 0.63140505 -0.28851672
1.00000000 -0.42441240 0.39099861 0.47321916 -0.23578396 -0.10435864 -0.61365547
1.00000000 0.06958799 -0.47503898 -0.29836385 0.36293570 0.15638234 -0.72408337
1.00000000 -0.12315189 0.49586509 0.03441133 0.45300437 0.71832082 0.12872268
1.00000000 -0.42904888 0.56249055 0.67748595 -0.19171516 0.00240938 -0.06143056
1.00000000 -0.19174923 -0.11322161 0.10939202 0.80763543 0.39874560 -0.35661385
1.00000000 -0.35260155 0.26988494 -0.15899452 0.58905488 -0.65562103 0.02702613
1.00000000 0.00951169 -0.32161401 0.04962199 -0.51892114 -0.78978002 -0.03130468
1.00000000 0.36389611 -0.50353597 -0.56970469 -0.13636418 0.26596366 0.44736546
1.00000000 0.47811065 0.10902825 0.70485385 0.03697001 -0.29527689 0.41731149
1.00000000 -0.34168021 0.04418024 -0.18564971 0.88571711 -0.03747627 0.24685554
1.00000000 -0.18429571 0.09267563 0.85785892 -0.01971147 -0.29365177 -0.36729347
1.00000000 0.38417618 -0.79961835 0.02879723 -0.33684880 0.26604380 0.16716298
